grids:
- uuid: 7c3aaef5-a5b4-434a-aca2-abd086c1f4bf
  openat: 2.95
  closeat: 3.4
  openchance: 0
  closechance: 0
  opentotal: 0
  closetotal: 0
  openorders:
    orders:
      30975667-3bee-4789-aa53-dbaa0c05f018:
        clientid: 30975667-3bee-4789-aa53-dbaa0c05f018
        id: 12146034188
        qty: 0.1
        eqty: 0
        createat: 2020-10-20T15:48:02.529006217+08:00
        updatetime: 2020-10-20T15:48:07.530481132+08:00
        deleteat: 0001-01-01T00:00:00Z
        side: buy
  closeorders:
    orders: {}
time: 2020-10-20T15:48:07.530485339+08:00
ask: 3.082
bid: 3.079
symbol: UNI-PERP
