grids:
- uuid: 7c3aaef5-a5b4-434a-aca2-abd086c1f4bf
  openat: 2.95
  closeat: 3.4
  openchance: 0
  closechance: 0
  openorders:
    orders:
      0bdaca8e-0c30-4fe4-b0df-f093d2008bfe:
        clientid: 0bdaca8e-0c30-4fe4-b0df-f093d2008bfe
        id: 12144895722
        qty: 0.1
        eqty: 0
        createat: 2020-10-20T15:28:41.94691507+08:00
        updatetime: 2020-10-20T15:33:25.11831277+08:00
        deleteat: 0001-01-01T00:00:00Z
        side: buy
  closeorders:
    orders: {}
time: 2020-10-20T15:33:26.620217959+08:00
ask: 3.104
bid: 3.103
symbol: UNI-PERP
